India-origin residents on the repo's annual partial fiscal ledger
CPS ASEC 2025 (income year 2024), SPM resource units, 160-replicate SDR standard errors.
CPS source: asecpub25csv.zip  sha256 318845a2b5e0034eb2973898de1738f4df0025727de38499e7669cb9c0deef0b
MEPS 2024 public-paid health donor model: INCLUDED
Top-1% income threshold (SPM resources, adults 25-64, weighted): 522,765
Country codes verified against cpsmar25.pdf Appendix J: India 210, China 207,
Hong Kong 209, Taiwan 240, Mexico 303, US areas 057/060/066/069/073/078.

==========================================================================================================================================================================
== universe=adults_25_64  allocation=equal_all_members  weighting=person  arm=raw ==
== annual $ per person per year, 2024 income year (SDR se in parentheses) ==
==========================================================================================================================================================================
row                                         third_plus_nh_white       all_native       india_bornindia_born_recent_nindia_born_settled india_second_genasian_indian_native       china_born china_born_broad all_foreign_born      mexico_bornmexican_second_gen
n unweighted                                           36,287           55,652            1,232              362              870              209              258              628              769           15,203            4,318            2,452
weighted persons (millions)                             87.65           134.69             3.25             0.97             2.27             0.49             0.64             1.51             1.87            37.08             9.45             5.61
Modeled taxes (payroll+fed+state)                14,383 (238)     13,110 (184)    20,580 (1,075)    14,705 (1,214)    23,102 (1,315)    28,906 (3,312)    25,828 (2,812)    19,774 (2,116)    20,499 (1,877)     10,869 (254)      4,874 (221)      7,419 (268)
  of which federal income (after refundable)      8,463 (180)      7,603 (139)     12,605 (778)      8,443 (796)     14,391 (984)    18,130 (2,545)    16,042 (2,128)    11,757 (1,426)    12,507 (1,323)      6,071 (187)      2,134 (160)      3,754 (191)
  of which personal payroll (FICA)                 3,816 (30)       3,593 (25)      5,055 (167)      4,325 (236)      5,368 (186)      5,778 (322)      5,418 (300)      4,487 (266)      4,612 (229)       3,186 (38)       2,147 (41)       2,712 (54)
  of which state income (after credits)            2,105 (39)       1,914 (30)      2,920 (212)      1,937 (242)      3,342 (259)      4,998 (640)      4,368 (521)      3,530 (472)      3,380 (401)       1,611 (48)         593 (37)         953 (50)
State-local total (income+sales+property)          4,467 (56)       4,090 (43)      5,883 (284)      3,591 (305)      6,866 (336)      9,332 (857)      8,270 (737)      6,760 (630)      6,818 (531)       3,457 (68)       1,703 (54)       2,502 (77)
Selected cash transfers                            2,453 (48)       2,451 (38)         481 (97)         158 (76)        620 (133)      1,016 (303)        722 (249)        815 (171)        890 (146)       1,109 (43)         860 (63)      1,460 (102)
Selected non-cash transfers                           145 (4)          188 (4)           43 (5)           30 (7)           48 (7)          25 (10)          47 (13)         166 (27)         154 (23)          194 (5)         246 (13)         240 (14)
= Taxes minus selected transfers                 11,785 (250)     10,472 (195)    20,056 (1,085)    14,517 (1,220)    22,434 (1,330)    27,865 (3,385)    25,059 (2,854)    18,793 (2,108)    19,455 (1,874)      9,566 (262)      3,768 (230)      5,719 (278)
+ Employer payroll tax                             3,489 (28)       3,307 (22)      4,842 (163)      4,268 (233)      5,088 (180)      5,469 (294)      5,156 (274)      4,187 (248)      4,302 (215)       2,905 (34)       1,895 (37)       2,542 (52)
+ Sales/excise tax (0.35 share)                    1,050 (10)          997 (8)       1,393 (55)       1,156 (74)       1,496 (64)      1,668 (143)      1,566 (123)       1,296 (90)       1,360 (82)         872 (12)         592 (12)         784 (16)
+ Property tax (owner-occupied)                    1,313 (16)       1,180 (12)       1,569 (91)         498 (80)      2,028 (103)      2,666 (321)      2,336 (293)      1,933 (137)      2,078 (124)         973 (23)         518 (25)         765 (29)
- K-12 public schooling                            1,652 (23)       1,690 (19)      2,210 (128)      1,594 (262)      2,475 (147)      1,562 (300)      1,730 (270)      2,464 (205)      2,371 (176)       2,259 (36)       2,311 (62)       2,112 (86)
= EXTENDED BALANCE                               15,984 (292)     14,266 (232)    25,650 (1,330)    18,846 (1,592)    28,571 (1,576)    36,105 (3,809)    32,387 (3,304)    23,746 (2,518)    24,823 (2,230)     12,057 (314)      4,462 (290)      7,698 (375)
- MEPS public-paid health                          2,553 (12)       2,510 (10)       1,487 (52)         890 (38)       1,744 (65)      2,103 (116)       2,044 (99)       1,869 (74)       1,968 (65)       1,835 (15)       1,825 (27)       2,190 (39)
= EXTENDED BALANCE AFTER HEALTH                  13,431 (295)     11,756 (234)    24,163 (1,332)    17,956 (1,594)    26,828 (1,588)    34,003 (3,824)    30,344 (3,320)    21,877 (2,510)    22,856 (2,224)     10,222 (315)      2,637 (291)      5,508 (378)
(memo) children 5-17 per person                  0.119 (0.001)     0.121 (0.001)     0.144 (0.008)     0.103 (0.015)     0.162 (0.009)     0.097 (0.018)     0.108 (0.016)     0.144 (0.012)     0.141 (0.011)     0.150 (0.002)     0.166 (0.004)     0.149 (0.006)

difference from 3rd+ NH white (se)          third_plus_nh_white       all_native       india_bornindia_born_recent_nindia_born_settled india_second_genasian_indian_native       china_born china_born_broad all_foreign_born      mexico_bornmexican_second_gen
Modeled taxes (payroll+fed+state)                           —     -1,273 (104)     6,197 (1,087)       321 (1,204)     8,719 (1,334)    14,522 (3,354)    11,444 (2,859)     5,391 (2,125)     6,115 (1,886)     -3,514 (358)     -9,509 (325)     -6,965 (330)
  of which federal income (after refundable)                —        -860 (78)      4,142 (785)        -20 (792)      5,928 (995)     9,667 (2,576)     7,579 (2,159)     3,294 (1,434)     4,044 (1,333)     -2,392 (269)     -6,329 (241)     -4,709 (241)
  of which personal payroll (FICA)                          —        -222 (14)      1,239 (168)        510 (234)      1,553 (188)      1,962 (327)      1,603 (307)        671 (266)        796 (230)        -629 (48)      -1,668 (50)      -1,104 (59)
  of which state income (after credits)                     —        -191 (19)        815 (216)       -168 (243)      1,238 (263)      2,893 (645)      2,263 (531)      1,425 (474)      1,275 (403)        -494 (64)      -1,512 (54)      -1,152 (63)
State-local total (income+sales+property)                   —        -377 (26)      1,415 (289)       -876 (307)      2,399 (342)      4,864 (861)      3,802 (751)      2,292 (631)      2,350 (532)      -1,011 (90)      -2,764 (79)      -1,965 (92)
Selected cash transfers                                     —          -2 (26)     -1,972 (107)      -2,295 (89)     -1,834 (141)     -1,438 (301)     -1,731 (251)     -1,638 (166)     -1,563 (144)      -1,344 (62)      -1,593 (84)       -994 (119)
Selected non-cash transfers                                 —           42 (3)         -103 (7)         -115 (8)          -97 (8)        -121 (11)         -99 (14)          21 (28)           8 (24)           48 (7)         101 (14)          95 (15)
= Taxes minus selected transfers                            —     -1,313 (106)     8,272 (1,103)     2,732 (1,206)    10,649 (1,356)    16,080 (3,428)    13,274 (2,902)     7,008 (2,117)     7,670 (1,884)     -2,218 (369)     -8,016 (338)     -6,066 (353)
+ Employer payroll tax                                      —        -182 (13)      1,353 (164)        779 (231)      1,600 (183)      1,980 (299)      1,668 (281)        698 (248)        813 (216)        -584 (44)      -1,594 (44)        -946 (55)
+ Sales/excise tax (0.35 share)                             —          -53 (5)         344 (56)         106 (74)         446 (65)        618 (144)        516 (124)         246 (90)         310 (82)        -178 (16)        -457 (15)        -266 (18)
+ Property tax (owner-occupied)                             —         -133 (8)         256 (90)        -814 (81)        716 (102)      1,353 (320)      1,023 (294)        621 (138)        765 (125)        -340 (27)        -795 (29)        -548 (33)
- K-12 public schooling                                     —          38 (13)        559 (132)        -58 (264)        824 (150)        -89 (303)         78 (273)        812 (207)        719 (178)         608 (45)         660 (69)         460 (90)
= EXTENDED BALANCE                                          —     -1,719 (124)     9,666 (1,348)     2,861 (1,577)    12,587 (1,607)    20,121 (3,858)    16,403 (3,366)     7,761 (2,530)     8,839 (2,244)     -3,927 (437)    -11,522 (402)     -8,286 (443)
- MEPS public-paid health                                   —          -44 (7)      -1,066 (54)      -1,664 (39)        -810 (67)       -451 (114)        -510 (98)        -685 (74)        -586 (65)        -718 (20)        -729 (30)        -364 (42)
= EXTENDED BALANCE AFTER HEALTH                             —     -1,675 (124)    10,732 (1,351)     4,525 (1,579)    13,397 (1,618)    20,572 (3,872)    16,913 (3,382)     8,446 (2,523)     9,425 (2,238)     -3,209 (440)    -10,794 (405)     -7,923 (448)
(memo) children 5-17 per person                             —     0.001 (0.001)     0.025 (0.008)    -0.017 (0.015)     0.043 (0.009)    -0.022 (0.018)    -0.012 (0.017)     0.025 (0.012)     0.021 (0.011)     0.031 (0.003)     0.047 (0.005)     0.030 (0.006)

==========================================================================================================================================================================
== universe=adults_25_64  allocation=equal_adults_18plus  weighting=person  arm=raw ==
== annual $ per person per year, 2024 income year (SDR se in parentheses) ==
==========================================================================================================================================================================
row                                         third_plus_nh_white       all_native       india_bornindia_born_recent_nindia_born_settled india_second_genasian_indian_native       china_born china_born_broad all_foreign_born      mexico_bornmexican_second_gen
n unweighted                                           36,287           55,652            1,232              362              870              209              258              628              769           15,203            4,318            2,452
weighted persons (millions)                             87.65           134.69             3.25             0.97             2.27             0.49             0.64             1.51             1.87            37.08             9.45             5.61
Modeled taxes (payroll+fed+state)                17,337 (272)     15,711 (211)    26,787 (1,381)    18,023 (1,415)    30,548 (1,781)    36,487 (4,711)    31,574 (3,261)    24,675 (2,497)    25,438 (2,201)     13,305 (308)      5,519 (235)      8,997 (367)
  of which federal income (after refundable)     10,070 (207)      8,978 (160)     16,376 (994)     10,349 (974)    18,963 (1,294)    23,030 (3,532)    19,598 (2,468)    14,618 (1,702)    15,436 (1,555)      7,290 (223)      2,148 (169)      4,391 (274)
  of which personal payroll (FICA)                 4,701 (34)       4,413 (27)      6,547 (195)      5,299 (270)      7,083 (231)      7,062 (402)      6,621 (359)      5,647 (311)      5,787 (270)       4,010 (44)       2,681 (44)       3,451 (65)
  of which state income (after credits)            2,566 (44)       2,321 (34)      3,863 (288)      2,375 (265)      4,502 (378)      6,395 (982)      5,355 (600)      4,410 (552)      4,215 (469)       2,006 (60)         690 (41)       1,156 (67)
State-local total (income+sales+property)          5,466 (63)       4,995 (49)      7,812 (394)      4,441 (345)      9,259 (503)    12,080 (1,371)     10,309 (873)      8,668 (752)      8,665 (626)       4,369 (88)       2,087 (59)      3,125 (100)
Selected cash transfers                            2,685 (51)       2,713 (41)        571 (113)        254 (130)        708 (149)      1,100 (319)        777 (254)        913 (191)      1,006 (166)       1,297 (49)       1,046 (74)      1,733 (116)
Selected non-cash transfers                           243 (6)          328 (7)          75 (10)          52 (12)          84 (14)          37 (14)          75 (19)         235 (35)         218 (29)         348 (10)         451 (22)         480 (31)
= Taxes minus selected transfers                 14,409 (286)     12,669 (224)    26,141 (1,393)    17,717 (1,400)    29,756 (1,803)    35,349 (4,788)    30,721 (3,305)    23,527 (2,486)    24,214 (2,202)     11,660 (318)      4,023 (251)      6,784 (382)
+ Employer payroll tax                             4,291 (30)       4,053 (24)      6,268 (188)      5,219 (264)      6,719 (222)      6,613 (348)      6,294 (329)      5,254 (297)      5,395 (258)       3,656 (41)       2,362 (41)       3,215 (61)
+ Sales/excise tax (0.35 share)                    1,283 (12)        1,220 (9)       1,809 (69)       1,418 (92)       1,977 (82)      2,073 (191)      1,929 (146)      1,623 (104)       1,701 (95)       1,103 (14)         749 (13)       1,005 (21)
+ Property tax (owner-occupied)                    1,617 (18)       1,454 (14)      2,139 (122)        648 (100)      2,780 (145)      3,611 (439)      3,025 (357)      2,635 (197)      2,749 (163)       1,260 (30)         648 (27)         964 (36)
- K-12 public schooling                            3,501 (56)       3,621 (48)      4,047 (240)      2,880 (510)      4,549 (281)      3,002 (597)      3,281 (523)      4,577 (414)      4,404 (356)       4,497 (81)      4,628 (156)      4,501 (213)
= EXTENDED BALANCE                               18,099 (333)     15,776 (267)    32,310 (1,665)    22,123 (1,775)    36,683 (2,087)    44,644 (5,296)    38,689 (3,794)    28,462 (2,941)    29,656 (2,594)     13,182 (383)      3,154 (354)      7,466 (515)
- MEPS public-paid health                          3,146 (12)       3,111 (11)       1,896 (56)       1,105 (50)       2,236 (68)      2,601 (137)      2,559 (122)       2,363 (83)       2,448 (73)       2,341 (17)       2,377 (30)       2,896 (44)
= EXTENDED BALANCE AFTER HEALTH                  14,954 (337)     12,665 (271)    30,414 (1,669)    21,018 (1,781)    34,447 (2,098)    42,044 (5,281)    36,129 (3,807)    26,100 (2,939)    27,207 (2,591)     10,841 (385)        778 (362)      4,570 (529)
(memo) children 5-17 per person                  0.253 (0.003)     0.259 (0.003)     0.264 (0.015)     0.183 (0.028)     0.298 (0.018)     0.185 (0.036)     0.203 (0.031)     0.271 (0.026)     0.264 (0.022)     0.299 (0.005)     0.334 (0.011)     0.320 (0.014)

difference from 3rd+ NH white (se)          third_plus_nh_white       all_native       india_bornindia_born_recent_nindia_born_settled india_second_genasian_indian_native       china_born china_born_broad all_foreign_born      mexico_bornmexican_second_gen
Modeled taxes (payroll+fed+state)                           —     -1,626 (117)     9,450 (1,398)       687 (1,402)    13,212 (1,808)    19,150 (4,741)    14,237 (3,300)     7,339 (2,509)     8,101 (2,213)     -4,031 (431)    -11,817 (367)     -8,340 (437)
  of which federal income (after refundable)                —      -1,092 (88)     6,306 (1,007)        279 (969)     8,894 (1,314)    12,960 (3,558)     9,528 (2,494)     4,549 (1,712)     5,366 (1,566)     -2,780 (321)     -7,922 (271)     -5,679 (327)
  of which personal payroll (FICA)                          —        -288 (16)      1,846 (197)        598 (267)      2,382 (236)      2,361 (405)      1,920 (365)        946 (313)      1,086 (271)        -691 (57)      -2,020 (57)      -1,250 (72)
  of which state income (after credits)                     —        -245 (21)      1,298 (290)       -190 (266)      1,936 (381)      3,829 (983)      2,789 (608)      1,844 (553)      1,649 (470)        -560 (77)      -1,876 (61)      -1,410 (80)
State-local total (income+sales+property)                   —        -471 (30)      2,346 (395)     -1,025 (345)      3,793 (507)     6,614 (1,369)      4,843 (884)      3,202 (752)      3,199 (627)     -1,097 (111)      -3,379 (89)     -2,341 (117)
Selected cash transfers                                     —          29 (27)     -2,113 (122)     -2,430 (138)     -1,977 (156)     -1,584 (316)     -1,907 (256)     -1,772 (186)     -1,678 (162)      -1,388 (67)      -1,639 (95)       -952 (132)
Selected non-cash transfers                                 —           85 (5)        -169 (12)        -191 (13)        -159 (15)        -206 (16)        -168 (19)          -8 (36)         -25 (31)         105 (11)         208 (23)         237 (33)
= Taxes minus selected transfers                            —     -1,740 (121)    11,732 (1,418)     3,308 (1,382)    15,347 (1,838)    20,940 (4,820)    16,312 (3,346)     9,118 (2,498)     9,805 (2,214)     -2,749 (445)    -10,386 (384)     -7,625 (462)
+ Employer payroll tax                                      —        -238 (14)      1,977 (191)        928 (264)      2,427 (226)      2,322 (351)      2,002 (334)        963 (297)      1,104 (259)        -635 (52)      -1,929 (50)      -1,077 (64)
+ Sales/excise tax (0.35 share)                             —          -63 (5)         526 (70)         134 (92)         693 (84)        790 (192)        646 (147)        339 (104)         418 (96)        -180 (19)        -534 (18)        -278 (23)
+ Property tax (owner-occupied)                             —         -162 (9)        523 (120)       -969 (101)      1,163 (143)      1,995 (436)      1,408 (357)      1,019 (197)      1,133 (163)        -357 (34)        -969 (31)        -653 (40)
- K-12 public schooling                                     —         120 (32)        547 (251)       -621 (518)      1,048 (289)       -499 (605)       -220 (531)      1,076 (422)        903 (363)        996 (102)      1,127 (169)      1,001 (222)
= EXTENDED BALANCE                                          —     -2,323 (144)    14,211 (1,690)     4,023 (1,755)    18,583 (2,126)    26,545 (5,332)    20,589 (3,850)    10,363 (2,956)    11,556 (2,609)     -4,917 (529)    -14,945 (475)    -10,633 (587)
- MEPS public-paid health                                   —          -34 (7)      -1,250 (59)      -2,041 (51)        -910 (71)       -545 (137)       -587 (122)        -783 (82)        -697 (72)        -804 (21)        -769 (32)        -250 (45)
= EXTENDED BALANCE AFTER HEALTH                             —     -2,289 (146)    15,460 (1,695)     6,064 (1,761)    19,493 (2,139)    27,090 (5,317)    21,176 (3,864)    11,146 (2,955)    12,254 (2,607)     -4,113 (533)    -14,176 (482)    -10,384 (602)
(memo) children 5-17 per person                             —     0.006 (0.002)     0.011 (0.016)    -0.069 (0.029)     0.046 (0.018)    -0.068 (0.036)    -0.050 (0.032)     0.019 (0.026)     0.012 (0.023)     0.047 (0.006)     0.081 (0.011)     0.067 (0.015)

==========================================================================================================================================================================
== universe=all_ages  allocation=equal_all_members  weighting=person  arm=raw ==
== annual $ per person per year, 2024 income year (SDR se in parentheses) ==
==========================================================================================================================================================================
row                                         third_plus_nh_white       all_native       india_bornindia_born_recent_nindia_born_settled india_second_genasian_indian_native       china_born china_born_broad all_foreign_born      mexico_bornmexican_second_gen
n unweighted                                           73,873          119,938            1,607              500            1,107              704              790              911            1,135           21,711            5,631            6,349
weighted persons (millions)                            173.05           283.67             4.28             1.38             2.90             1.80             2.04             2.28             2.83            53.06            12.22            14.33
Modeled taxes (payroll+fed+state)                11,509 (163)     10,080 (122)     18,550 (893)     12,467 (992)    21,447 (1,078)    21,632 (2,054)    19,414 (1,237)    16,149 (1,767)    16,712 (1,497)      9,444 (209)      4,439 (189)      4,499 (154)
  of which federal income (after refundable)      6,922 (123)       5,885 (90)     11,372 (642)      7,118 (665)     13,397 (797)    13,377 (1,482)     11,914 (937)     9,652 (1,203)    10,206 (1,045)      5,318 (156)      1,931 (135)      1,934 (104)
  of which personal payroll (FICA)                 2,903 (21)       2,717 (17)      4,528 (148)      3,706 (204)      4,919 (166)      4,698 (156)      4,496 (159)      3,556 (217)      3,662 (186)       2,729 (30)       1,968 (37)       1,981 (35)
  of which state income (after credits)            1,684 (27)       1,478 (21)      2,650 (172)      1,643 (188)      3,130 (215)      3,557 (488)      3,003 (219)      2,941 (391)      2,845 (326)       1,397 (39)         539 (32)         584 (27)
State-local total (income+sales+property)          4,021 (42)       3,541 (32)      5,550 (244)      3,164 (249)      6,686 (288)      6,944 (646)      6,188 (321)      6,135 (586)      6,335 (490)       3,275 (60)       1,665 (51)       1,760 (44)
Selected cash transfers                            5,674 (45)       4,704 (32)      1,440 (218)         201 (99)      2,031 (310)        641 (133)        618 (119)      2,867 (339)      3,210 (318)       2,758 (60)       1,692 (83)       1,411 (75)
Selected non-cash transfers                           155 (3)          230 (3)           60 (9)          52 (12)          64 (12)           59 (9)          87 (16)         224 (32)         215 (32)          220 (6)         253 (12)         352 (14)
= Taxes minus selected transfers                  5,680 (171)      5,146 (128)     17,050 (917)     12,214 (988)    19,353 (1,138)    20,933 (2,086)    18,709 (1,263)    13,058 (1,787)    13,287 (1,520)      6,466 (211)      2,494 (202)      2,735 (166)
+ Employer payroll tax                             2,630 (18)       2,479 (15)      4,352 (142)      3,662 (200)      4,680 (160)      4,448 (132)      4,321 (151)      3,258 (197)      3,369 (170)       2,486 (28)       1,737 (34)       1,810 (33)
+ Sales/excise tax (0.35 share)                       949 (7)          869 (5)       1,299 (47)       1,037 (63)       1,425 (53)       1,349 (74)       1,278 (61)       1,183 (83)       1,231 (71)         819 (10)         573 (11)         592 (10)
+ Property tax (owner-occupied)                    1,388 (14)       1,194 (10)       1,600 (94)         484 (72)      2,132 (112)      2,038 (142)      1,907 (123)      2,012 (202)      2,259 (180)       1,059 (24)         553 (26)         583 (18)
- K-12 public schooling                            1,921 (19)       2,281 (14)      2,257 (137)      2,098 (323)      2,332 (135)      3,304 (177)      3,158 (200)      2,026 (166)      1,946 (145)       2,177 (35)       2,229 (58)       3,260 (70)
= EXTENDED BALANCE                                8,726 (200)      7,408 (153)    22,045 (1,126)    15,299 (1,312)    25,257 (1,325)    25,463 (2,322)    23,057 (1,543)    17,484 (2,138)    18,200 (1,817)      8,654 (256)      3,127 (255)      2,462 (237)
- MEPS public-paid health                          4,137 (10)        3,653 (7)       2,001 (98)         961 (56)      2,496 (129)       1,816 (69)       1,874 (77)      3,312 (164)      3,507 (150)       2,814 (24)       2,483 (46)       2,074 (32)
= EXTENDED BALANCE AFTER HEALTH                   4,589 (202)      3,755 (154)    20,044 (1,137)    14,338 (1,310)    22,762 (1,364)    23,647 (2,318)    21,183 (1,559)    14,173 (2,171)    14,693 (1,851)      5,840 (255)        644 (260)        387 (243)
(memo) children 5-17 per person                  0.139 (0.001)     0.162 (0.001)     0.148 (0.009)     0.133 (0.018)     0.155 (0.009)     0.212 (0.011)     0.202 (0.012)     0.119 (0.010)     0.116 (0.009)     0.146 (0.002)     0.161 (0.004)     0.234 (0.004)

difference from 3rd+ NH white (se)          third_plus_nh_white       all_native       india_bornindia_born_recent_nindia_born_settled india_second_genasian_indian_native       china_born china_born_broad all_foreign_born      mexico_bornmexican_second_gen
Modeled taxes (payroll+fed+state)                           —      -1,429 (72)      7,041 (902)        958 (985)     9,938 (1,095)    10,123 (2,048)     7,905 (1,250)     4,640 (1,767)     5,203 (1,498)     -2,065 (265)     -7,070 (255)     -7,010 (222)
  of which federal income (after refundable)                —      -1,037 (54)      4,449 (651)        196 (660)      6,475 (811)     6,455 (1,480)      4,992 (944)     2,730 (1,203)     3,283 (1,046)     -1,604 (201)     -4,991 (186)     -4,989 (158)
  of which personal payroll (FICA)                          —        -186 (10)      1,625 (148)        803 (204)      2,016 (166)      1,795 (156)      1,593 (162)        653 (217)        759 (187)        -174 (35)        -935 (42)        -922 (42)
  of which state income (after credits)                     —        -206 (13)        966 (173)        -41 (189)      1,446 (217)      1,873 (485)      1,319 (224)      1,257 (392)      1,161 (327)        -287 (48)      -1,145 (43)      -1,100 (40)
State-local total (income+sales+property)                   —        -481 (19)      1,528 (246)       -858 (251)      2,665 (292)      2,923 (640)      2,167 (328)      2,114 (587)      2,313 (491)        -746 (74)      -2,357 (69)      -2,261 (63)
Selected cash transfers                                     —        -970 (24)     -4,234 (223)     -5,473 (111)     -3,643 (315)     -5,033 (143)     -5,055 (129)     -2,807 (342)     -2,464 (320)      -2,915 (75)      -3,982 (92)      -4,262 (91)
Selected non-cash transfers                                 —           75 (3)          -95 (9)        -103 (12)         -92 (12)         -97 (10)         -68 (16)          69 (32)          60 (32)           64 (7)          98 (12)         197 (15)
= Taxes minus selected transfers                            —        -534 (75)     11,370 (924)      6,534 (977)    13,673 (1,152)    15,253 (2,086)    13,029 (1,278)     7,378 (1,788)     7,607 (1,523)        786 (262)     -3,186 (262)     -2,945 (241)
+ Employer payroll tax                                      —         -150 (9)      1,722 (143)      1,033 (200)      2,051 (161)      1,818 (133)      1,691 (154)        628 (198)        739 (172)        -144 (32)        -893 (37)        -820 (38)
+ Sales/excise tax (0.35 share)                             —          -80 (3)         350 (47)          88 (63)         476 (53)         400 (74)         329 (61)         234 (82)         282 (71)        -130 (12)        -376 (13)        -357 (12)
+ Property tax (owner-occupied)                             —         -195 (7)         212 (94)        -905 (72)        743 (112)        650 (141)        518 (123)        623 (203)        870 (181)        -329 (27)        -836 (28)        -805 (22)
- K-12 public schooling                                     —         359 (13)        335 (141)        177 (325)        411 (137)      1,383 (181)      1,236 (205)        105 (168)         24 (147)         255 (44)         308 (64)       1,339 (76)
= EXTENDED BALANCE                                          —      -1,319 (87)    13,319 (1,133)     6,573 (1,306)    16,531 (1,339)    16,737 (2,320)    14,331 (1,562)     8,758 (2,141)     9,474 (1,822)        -72 (316)     -5,599 (320)     -6,264 (314)
- MEPS public-paid health                                   —         -484 (7)     -2,136 (101)      -3,176 (59)     -1,641 (131)      -2,320 (70)      -2,263 (78)       -825 (164)       -630 (150)      -1,323 (29)      -1,654 (47)      -2,062 (34)
= EXTENDED BALANCE AFTER HEALTH                             —        -835 (89)    15,455 (1,143)     9,749 (1,304)    18,172 (1,376)    19,058 (2,316)    16,593 (1,578)     9,583 (2,174)    10,103 (1,857)      1,251 (316)     -3,945 (325)     -4,202 (319)
(memo) children 5-17 per person                             —     0.023 (0.001)     0.009 (0.009)    -0.005 (0.018)     0.016 (0.009)     0.074 (0.011)     0.063 (0.012)    -0.019 (0.010)    -0.022 (0.009)     0.007 (0.003)     0.022 (0.004)     0.095 (0.005)

==========================================================================================================================================================================
== universe=all_ages  allocation=equal_adults_18plus  weighting=person  arm=raw ==
== annual $ per person per year, 2024 income year (SDR se in parentheses) ==
==========================================================================================================================================================================
row                                         third_plus_nh_white       all_native       india_bornindia_born_recent_nindia_born_settled india_second_genasian_indian_native       china_born china_born_broad all_foreign_born      mexico_bornmexican_second_gen
n unweighted                                           73,873          119,938            1,607              500            1,107              704              790              911            1,135           21,711            5,631            6,349
weighted persons (millions)                            173.05           283.67             4.28             1.38             2.90             1.80             2.04             2.28             2.83            53.06            12.22            14.33
Modeled taxes (payroll+fed+state)                11,514 (162)      9,684 (118)    22,471 (1,131)    13,416 (1,056)    26,784 (1,442)    12,659 (1,432)    12,719 (1,261)    19,342 (1,987)    19,826 (1,679)     10,962 (244)      4,934 (203)      4,522 (182)
  of which federal income (after refundable)      6,913 (122)       5,678 (88)     13,754 (801)      7,657 (709)    16,657 (1,037)     7,915 (1,033)      7,873 (918)    11,527 (1,366)    12,061 (1,179)      6,083 (179)      1,955 (142)      2,116 (127)
  of which personal payroll (FICA)                 2,914 (21)       2,589 (16)      5,439 (175)      3,970 (219)      6,139 (204)      2,628 (190)      2,785 (179)      4,298 (241)      4,394 (208)       3,233 (34)       2,366 (42)       1,829 (43)
  of which state income (after credits)            1,686 (27)       1,416 (20)      3,278 (230)      1,789 (199)      3,987 (306)      2,116 (291)      2,062 (227)      3,518 (437)      3,371 (363)       1,645 (46)         613 (35)         578 (31)
State-local total (income+sales+property)          4,028 (42)       3,394 (30)      6,816 (329)      3,426 (264)      8,430 (420)      4,121 (434)      4,082 (354)      7,388 (642)      7,509 (531)       3,858 (72)       1,962 (57)       1,665 (51)
Selected cash transfers                            5,680 (45)       4,661 (32)      1,504 (221)         195 (91)      2,128 (316)        522 (135)        514 (115)      2,973 (364)      3,325 (333)       2,894 (62)       1,860 (89)       1,351 (76)
Selected non-cash transfers                           162 (4)          208 (3)          80 (12)          54 (12)          92 (17)           19 (5)          46 (12)         268 (34)         256 (34)          312 (8)         406 (17)         283 (15)
= Taxes minus selected transfers                  5,672 (171)      4,815 (125)    20,887 (1,148)    13,167 (1,055)    24,564 (1,489)    12,117 (1,467)    12,160 (1,266)    16,102 (1,995)    16,245 (1,694)      7,756 (245)      2,668 (221)      2,889 (182)
+ Employer payroll tax                             2,639 (18)       2,363 (14)      5,221 (168)      3,925 (215)      5,838 (195)      2,483 (178)      2,665 (167)      3,947 (224)      4,053 (194)       2,942 (31)       2,082 (39)       1,685 (39)
+ Sales/excise tax (0.35 share)                       952 (7)          833 (5)       1,553 (57)       1,107 (68)       1,765 (67)         769 (68)         804 (64)       1,396 (90)       1,447 (78)         961 (11)         691 (12)         549 (13)
+ Property tax (owner-occupied)                    1,390 (14)       1,145 (10)      1,985 (114)         530 (75)      2,677 (140)      1,236 (141)      1,217 (130)      2,474 (214)      2,690 (188)       1,251 (28)         658 (28)         538 (19)
- K-12 public schooling                            1,962 (30)       1,977 (24)      3,304 (183)      2,237 (342)      3,812 (228)      1,050 (180)      1,293 (180)      3,312 (289)      3,156 (254)       3,488 (62)      3,910 (120)       2,381 (94)
= EXTENDED BALANCE                                8,691 (200)      7,178 (149)    26,342 (1,384)    16,493 (1,398)    31,032 (1,719)    15,556 (1,675)    15,553 (1,513)    20,607 (2,362)    21,279 (2,005)      9,422 (296)      2,188 (297)      3,280 (238)
- MEPS public-paid health                          4,148 (10)        3,558 (7)      2,309 (105)       1,045 (62)      2,910 (134)       1,195 (98)       1,302 (87)      3,663 (163)      3,841 (147)       3,175 (24)       2,943 (47)       1,872 (39)
= EXTENDED BALANCE AFTER HEALTH                   4,543 (203)      3,620 (151)    24,033 (1,391)    15,448 (1,392)    28,122 (1,751)    14,361 (1,659)    14,251 (1,501)    16,945 (2,397)    17,438 (2,039)      6,247 (296)       -754 (306)      1,408 (244)
(memo) children 5-17 per person                  0.142 (0.002)     0.141 (0.002)     0.215 (0.012)     0.142 (0.019)     0.250 (0.014)     0.067 (0.011)     0.080 (0.011)     0.195 (0.017)     0.188 (0.015)     0.232 (0.004)     0.283 (0.008)     0.170 (0.006)

difference from 3rd+ NH white (se)          third_plus_nh_white       all_native       india_bornindia_born_recent_nindia_born_settled india_second_genasian_indian_native       china_born china_born_broad all_foreign_born      mexico_bornmexican_second_gen
Modeled taxes (payroll+fed+state)                           —      -1,830 (71)    10,957 (1,136)     1,902 (1,048)    15,270 (1,455)     1,145 (1,429)     1,205 (1,267)     7,828 (1,981)     8,312 (1,675)       -552 (290)     -6,580 (269)     -6,992 (234)
  of which federal income (after refundable)                —      -1,235 (53)      6,840 (807)        744 (704)     9,744 (1,047)     1,001 (1,032)        959 (920)     4,613 (1,361)     5,147 (1,177)       -830 (218)     -4,958 (193)     -4,798 (169)
  of which personal payroll (FICA)                          —        -325 (10)      2,525 (175)      1,056 (219)      3,225 (205)       -287 (189)       -130 (180)      1,383 (241)      1,479 (208)         319 (38)        -549 (47)      -1,086 (48)
  of which state income (after credits)                     —        -270 (13)      1,592 (230)        102 (199)      2,301 (306)        430 (289)        376 (230)      1,832 (437)      1,685 (363)         -41 (54)      -1,073 (47)      -1,109 (40)
State-local total (income+sales+property)                   —        -634 (19)      2,788 (329)       -602 (265)      4,402 (421)         93 (430)         54 (357)      3,360 (642)      3,481 (531)        -170 (82)      -2,066 (75)      -2,363 (66)
Selected cash transfers                                     —      -1,019 (24)     -4,176 (226)     -5,485 (104)     -3,552 (320)     -5,158 (143)     -5,166 (126)     -2,707 (366)     -2,355 (335)      -2,786 (75)      -3,820 (97)      -4,329 (92)
Selected non-cash transfers                                 —           46 (3)         -82 (13)        -108 (12)         -70 (17)         -143 (6)        -116 (12)         106 (35)          94 (35)          150 (9)         244 (18)         121 (16)
= Taxes minus selected transfers                            —        -857 (75)    15,215 (1,154)     7,495 (1,042)    18,892 (1,501)     6,445 (1,470)     6,488 (1,275)    10,430 (1,991)    10,573 (1,694)      2,083 (288)     -3,004 (281)     -2,784 (245)
+ Employer payroll tax                                      —         -276 (9)      2,582 (169)      1,285 (216)      3,199 (196)       -156 (178)         26 (168)      1,308 (223)      1,414 (195)         303 (35)        -557 (42)        -954 (42)
+ Sales/excise tax (0.35 share)                             —         -119 (3)         601 (57)         155 (67)         813 (68)        -183 (67)        -148 (64)         444 (90)         495 (78)           9 (13)        -261 (14)        -403 (14)
+ Property tax (owner-occupied)                             —         -245 (7)        595 (113)        -859 (75)      1,288 (139)       -154 (140)       -173 (130)      1,084 (215)      1,300 (188)        -139 (29)        -732 (30)        -851 (24)
- K-12 public schooling                                     —          15 (18)      1,342 (188)        274 (346)      1,850 (231)       -913 (186)       -670 (185)      1,349 (293)      1,194 (257)       1,526 (70)      1,948 (126)         419 (98)
= EXTENDED BALANCE                                          —      -1,513 (87)    17,651 (1,391)     7,802 (1,390)    22,341 (1,732)     6,865 (1,677)     6,862 (1,525)    11,916 (2,359)    12,588 (2,006)        731 (348)     -6,503 (355)     -5,411 (304)
- MEPS public-paid health                                   —         -590 (8)     -1,840 (107)      -3,103 (65)     -1,238 (136)      -2,953 (99)      -2,846 (88)       -485 (162)       -307 (147)        -973 (29)      -1,205 (48)      -2,276 (40)
= EXTENDED BALANCE AFTER HEALTH                             —        -923 (89)    19,490 (1,397)    10,905 (1,384)    23,579 (1,763)     9,818 (1,662)     9,708 (1,515)    12,402 (2,395)    12,895 (2,041)      1,704 (349)     -5,297 (364)     -3,135 (308)
(memo) children 5-17 per person                             —    -0.000 (0.001)     0.073 (0.012)    -0.000 (0.019)     0.108 (0.015)    -0.075 (0.011)    -0.062 (0.011)     0.053 (0.017)     0.047 (0.015)     0.090 (0.004)     0.141 (0.009)     0.028 (0.007)

==========================================================================================================================================================================
== ARMS: extended balance and its gap to the white reference, adults 25-64, equal_all_members ==
==========================================================================================================================================================================

-- cash_noncash_tax_balance --
arm                                       third_plus_nh_white       india_born india_second_gen       china_born      mexico_born
raw                                                  11,785           20,056           27,865           18,793            3,768
    gap vs white (se)                                     —     8,272 (1,103)    16,080 (3,428)     7,008 (2,117)     -8,016 (338)
age_standardised                                     11,785           20,224           30,558           18,663            3,892
    gap vs white (se)                                     —     8,440 (1,215)    18,774 (4,611)     6,878 (2,196)     -7,892 (363)
household (resource-unit-head) weighted              12,004           20,032           27,915           18,800            3,811
    gap vs white (se)                                     —     8,029 (1,092)    15,912 (3,465)     6,796 (2,096)     -8,193 (331)
exclude top 1% income                                10,003           18,052           23,458           16,302            3,492
    gap vs white (se)                                     —      8,049 (929)    13,455 (2,487)     6,298 (1,455)     -6,512 (236)
exclude recent noncitizen entrants                   11,785           22,434           27,865           19,379            3,427
    gap vs white (se)                                     —    10,649 (1,356)    16,080 (3,428)     7,595 (2,367)     -8,358 (322)

-- extended_balance_base --
arm                                       third_plus_nh_white       india_born india_second_gen       china_born      mexico_born
raw                                                  15,984           25,650           36,105           23,746            4,462
    gap vs white (se)                                     —     9,666 (1,348)    20,121 (3,858)     7,761 (2,530)    -11,522 (402)
age_standardised                                     15,984           26,162           39,521           23,656            4,680
    gap vs white (se)                                     —    10,178 (1,452)    23,537 (5,476)     7,671 (2,627)    -11,304 (425)
household (resource-unit-head) weighted              16,217           25,619           36,151           23,730            4,488
    gap vs white (se)                                     —     9,402 (1,335)    19,934 (3,899)     7,513 (2,507)    -11,729 (395)
exclude top 1% income                                14,042           23,457           31,319           20,906            4,152
    gap vs white (se)                                     —     9,415 (1,179)    17,277 (2,905)     6,864 (1,782)     -9,891 (311)
exclude recent noncitizen entrants                   15,984           28,571           36,105           24,451            4,049
    gap vs white (se)                                     —    12,587 (1,607)    20,121 (3,858)     8,467 (2,808)    -11,936 (395)

-- extended_balance_after_health --
arm                                       third_plus_nh_white       india_born india_second_gen       china_born      mexico_born
raw                                                  13,431           24,163           34,003           21,877            2,637
    gap vs white (se)                                     —    10,732 (1,351)    20,572 (3,872)     8,446 (2,523)    -10,794 (405)
age_standardised                                     13,431           24,386           37,123           21,717            2,856
    gap vs white (se)                                     —    10,955 (1,449)    23,692 (5,482)     8,286 (2,614)    -10,575 (430)
household (resource-unit-head) weighted              13,709           24,132           34,057           21,855            2,692
    gap vs white (se)                                     —    10,422 (1,338)    20,348 (3,914)     8,145 (2,500)    -11,017 (395)
exclude top 1% income                                11,488           21,976           29,214           19,046            2,327
    gap vs white (se)                                     —    10,488 (1,187)    17,726 (2,934)     7,557 (1,788)     -9,161 (313)
exclude recent noncitizen entrants                   13,431           26,828           34,003           22,453            2,111
    gap vs white (se)                                     —    13,397 (1,618)    20,572 (3,872)     9,023 (2,800)    -11,320 (399)

==========================================================================================================================================================================
== SENSITIVITY on the extended balance (adults 25-64, equal_all_members, person) ==
==========================================================================================================================================================================
extended_balance_base                                15,984           25,650           36,105           23,746            4,462
extended_balance_flat090                             15,784           25,382           35,916           23,447            4,182
extended_balance_renter                              16,289           26,107           36,568           24,277            4,947
extended_balance_sales_itep                          16,747           26,277           36,870           24,372            4,953

== own-person descriptives, adults 25-64 (person weights) ==
earnings                                         70,326.892       65,479.909      107,673.270       67,803.539      124,786.838      115,293.025      105,129.271       89,642.006       94,226.227       60,782.828       36,758.780       49,781.726
own_modeled_payroll                               4,988.684        4,676.059        7,082.005        4,851.682        8,039.342        7,240.622        6,748.317        5,807.192        6,088.317        4,311.395        2,890.582        3,741.760
medicaid_coverage_share                               0.112            0.137            0.042            0.029            0.048            0.028            0.061            0.197            0.166            0.166            0.210            0.199
medicare_coverage_share                               0.038            0.040            0.011            0.000            0.016            0.012            0.019            0.015            0.013            0.015            0.014            0.026
noncitizen_share                                      0.000            0.000            0.604            1.000            0.434            0.000            0.000            0.524            0.463            0.533            0.686            0.000
recent_entrant_noncitizen_share                       0.000            0.000            0.300            1.000            0.000            0.000            0.000            0.135            0.127            0.195            0.129            0.000
(groups)                                  third_plus_nh_white       all_native       india_bornindia_born_recent_nindia_born_settled india_second_genasian_indian_native       china_born china_born_broad all_foreign_born      mexico_bornmexican_second_gen
